	private int[] litterStar=new int[]{ //小星星
			1,1,5,5,6,6,5,   4,4,3,3,2,2,1,
			5,5,4,4,3,3,2,   5,5,4,4,3,3,2,
			1,1,5,5,6,6,5,   4,4,3,3,2,2,1};
	private int[] theEndofTheWorld =new int[] { //后会无期
			13,13,12,11,13,16,15,12,    11,11,7,6,11,14,13,13,
			12,16,15,16,   15,16,17,17,15,13,15,
			13,15,16,15,15,14,13,12,12,12,13,14,
			13,13,12,11,13,16,15,12,    11,11,7,6,11,14,13,13,
			12,16,15,16,   15,16,17,17,15,13,15,
			13,15,16,14,14,12,11,7,7,12,11,11,			
			11,6,6,11,11,14,14,16,16,16,15,13,13,13,
			13,14,13,14,14,  14,14,15,15,13,13,
			15,15,17,17,15,13,15,  13,15,17,17,15,13,15,
			13,16,15,15,14,13,12, 13,14,14,
			13,13,12,11,13,16,15,12,    11,11,7,6,11,14,13,13,
			12,16,15,16,  15,16,17,17,15,13,15,
			14,15,16,14,14,12,11,7,7,7,12,11,11 };
	private int[] littleApple=new int[] { //小苹果
		1,1,1,1,1,1,1,    1,1,1,1,1,1,1,    5,5,5,5,5,6,5,6,
		1,1,1,1,1,1,1,    1,1,1,1,1,1,1,   	5,5,5,5,5,6,5,6,
		6,6,6,7,1,3,2,1,7,6,7,6,7,  5,5,5,6,7,2,1,7,6,5,6,5,6,
		6,6,6,7,1,3,2,1,7,6,7,6,7,  5,5,5,6,7,2,1,7,6,5,6,5,6,
		3,1,2,6,3,2,1,2,6,    3,1,2,2,5,3,7,1,  
		1,7,6,7,1,2,5,6,5,3,3,    3,2,1,2,3,2,3,2,5,5,   
		3,1,2,6,3,2,1,2,16,    3,1,2,2,2,5,3,7,1, 
		1,7,6,7,1,2,5,6,5,3,3,    3,2,1,2,3,2,5,6,6,1,6  };	
	private int[] outsideWorld=new int[] {  //外面的世界
		13,13,13,15,15,14,13,   13,13,12,11,   12,12,11,13,
		13,13,13,15,15,16,16,   13,13,12,11,   11,12,15,12,11,
		14,14,14,15,15,15,16,15,   12,13,14,15,15,15,12,13,
		14,14,14,14,15,15,15,15,16,15,15,13,   13,12,12,12,11,12,12,12,13,13,12,
		13,13,13,13,15,15,15,14,13,  13,12,11,11,12,12,12,11,13,
		13,13,13,15,15,15,16,16,     13,13,11,13,13,12,15,12,11  };